4294967294,0
4294967278,9
4294967278,8
4294967278,13
4294967278,12
4294967278,11
4294967278,10
4294967278,361
4294967278,21
4294967278,20
4294967278,19
4294967278,18
4294967278,17
4294967278,16
4294967278,15
4294967278,14
4294967278,360
4294967278,171
4294967278,168
4294967278,37
4294967278,36
4294967278,35
4294967278,34
4294967278,33
4294967278,32
4294967278,31
4294967278,30
4294967278,29
4294967278,28
4294967278,27
4294967278,26
4294967278,25
4294967278,24
4294967278,23
4294967278,22
4294967279,25
4294967279,23
4294967279,21
4294967279,19
4294967279,16
4294967279,13
4294967279,12
4294967294,15
4294967294,17
4294967294,42
4294967294,67
4294967294,99
4294967294,76
4294967294,36
4294967294,39
4294967294,41
4294967294,43
4294967294,417
4294967294,51
4294967294,52
4294967294,471
4294967294,25
4294967294,26
4294967278,359
4294967278,164
4294967294,81
4294967294,127
4294967294,18
4294967294,1163
4294967294,82
4294967294,1246
4294967294,83
4294967294,68
4294967294,11
0,5
4294967294,22
4294967294,7
4294967294,6
4294967294,5
4294967278,256
4294967278,132
4294967278,131
4294967278,130
4294967278,255
4294967278,129
4294967278,128
4294967278,127
4294967278,126
4294967278,125
4294967278,124
4294967278,123
4294967278,122
4294967278,121
4294967278,247
4294967278,120
4294967278,245
4294967278,119
4294967278,118
4294967278,241
4294967278,117
4294967278,116
4294967278,115
4294967278,114
4294967278,235
4294967278,113
4294967278,112
4294967278,231
4294967278,111
4294967278,110
4294967278,109
4294967278,108
4294967278,223
4294967278,107
4294967278,221
4294967278,106
4294967278,219
4294967278,105
4294967278,217
4294967278,104
4294967278,103
4294967278,102
4294967278,101
4294967278,100
4294967278,99
4294967278,98
4294967278,97
4294967278,96
4294967278,95
4294967278,94
4294967278,93
4294967278,92
4294967278,91
4294967278,90
4294967278,89
4294967278,87
4294967278,86
4294967278,85
4294967278,84
4294967278,83
4294967278,82
4294967278,81
4294967278,80
4294967278,79
4294967278,78
4294967278,77
4294967278,76
4294967278,75
4294967278,74
4294967278,73
4294967278,72
4294967278,71
4294967278,70
4294967278,69
4294967278,68
4294967278,67
4294967278,66
4294967278,65
4294967278,64
4294967278,63
4294967278,62
4294967278,61
4294967278,60
4294967278,59
4294967278,58
4294967278,57
4294967278,56
4294967278,55
4294967278,54
4294967278,0
4294967278,260
4294967278,53
4294967278,52
4294967278,51
4294967278,50
4294967278,49
4294967278,48
4294967278,47
4294967278,46
4294967278,45
4294967278,44
4294967278,43
4294967278,42
4294967278,41
4294967278,40
4294967278,39
4294967278,38
4294967279,24
4294967279,22
4294967279,20
4294967279,18
4294967279,17
4294967279,286
4294967279,15
4294967279,14
4294967279,265
4294967279,11
4294967279,10
4294967279,9
4294967279,284
4294967279,8
4294967279,7
4294967279,6
4294967279,5
4294967279,0
4294967279,260
4294967279,279
4294967279,4
38,5
38,4
38,3
38,2
38,1
4294967278,358
4294967294,1084
4294967294,1426
4294967279,561
4294967278,357
4294967278,356
4294967279,560
37,6
37,5
37,4
37,3
37,2
37,1
4294967279,559
4294967279,558
4294967279,557
4294967278,355
4294967278,354
4294967278,353
4294967279,556
4294967278,352
4294967278,351
34,4
34,3
34,2
34,1
33,4
33,3
33,2
33,1
4294967278,350
4294967278,349
4294967278,348
4294967279,555
4294967279,554
4294967279,553
28,5
28,4
28,3
28,2
28,1
4294967278,347
4294967278,346
26,4
26,3
26,2
26,1
4294967279,552
4294967278,345
4294967279,551
4294967279,550
4294967278,344
4294967279,549
4294967278,343
4294967279,548
25,5
25,4
25,3
25,2
25,1
4294967279,547
4294967279,546
4294967279,545
4294967278,342
4294967279,544
4294967278,341
4294967278,340
4294967278,339
4294967279,543
4294967279,542
4294967278,338
4294967279,541
4294967278,337
4294967294,473
4294967279,540
4294967279,539
4294967279,538
4294967278,336
4294967279,537
4294967278,335
4294967278,334
4294967294,1069
4294967279,536
4294967279,535
4294967279,534
4294967278,333
4294967279,533
4294967278,332
4294967278,331
21,5
21,4
21,3
21,2
21,1
4294967278,330
4294967279,532
4294967278,329
4294967279,531
4294967278,328
20,5
20,4
20,3
20,2
20,1
4294967294,1086
4294967279,530
4294967278,327
4294967279,529
4294967279,528
4294967294,1079
4294967279,527
4294967278,326
4294967279,526
